-64 1
-63 0
-62 0
-61 0
-60 0
-59 1
-58 0
-57 0
-56 3
-55 1
-54 3
-53 1
-52 0
-51 1
-50 1
-49 3
-48 3
-47 2
-46 5
-45 4
-44 4
-43 2
-42 9
-41 5
-40 8
-39 6
-38 10
-37 3
-36 7
-35 8
-34 4
-33 11
-32 8
-31 16
-30 8
-29 10
-28 18
-27 18
-26 18
-25 23
-24 23
-23 28
-22 21
-21 20
-20 24
-19 27
-18 21
-17 42
-16 28
-15 32
-14 44
-13 31
-12 29
-11 31
-10 42
-9 41
-8 48
-7 39
-6 31
-5 41
-4 36
-3 35
-2 37
-1 46
0 37
1 45
2 37
3 45
4 35
5 48
6 32
7 42
8 44
9 37
10 29
11 31
12 31
13 27
14 33
15 25
16 21
17 27
18 31
19 21
20 19
21 25
22 22
23 29
24 13
25 7
26 12
27 11
28 18
29 14
30 11
31 12
32 6
33 7
34 8
35 8
36 13
37 8
38 6
39 10
40 6
41 5
42 0
43 4
44 3
45 4
46 2
47 2
48 4
49 1
50 0
51 4
52 2
53 1
54 0
55 0
56 0
57 2
58 0
59 0
60 0
61 0
62 0
63 0
64 0
65 0
66 0
67 0
68 0
69 0
70 0
71 0
72 0
73 0
74 0
75 0
76 0
77 0
78 1
