2.07547 2.65965
4.36321 2.24758
 2.157 1.8571
2.26729 1.39558
 2.6756 1.50482
2.99434 3.14229
1.79917 1.77309
   3.32 4.22368
1.87288 1.39731
2.23868 2.46173
1.61002 2.50364
2.25804 3.67358
2.73611 2.86804
2.25787 2.04026
1.69748 3.21263
1.44357 2.39222
2.92142 2.32635
3.21749  1.3338
1.33119  1.6001
 1.33899 0.306851
2.67103  1.0884
   3.88 2.94108
0.771848  2.90338
2.61638 1.90532
1.64086 1.04435
 2.2267 3.88051
3.89793 2.38631
0.293127 0.605589
1.48163 2.73871
1.36182 1.92548
1.28844 2.73286
2.83231 2.19487
2.04527 1.59985
3.20127 1.93468
0.624309  3.24189
2.44019 2.12837
2.22103 3.01838
0.708125  1.50517
2.86542 2.11242
1.03581 3.63767
  1.34461 -0.267224
2.75084 1.52331
3.55266 1.57541
1.39742 3.31394
-0.251377   1.30079
3.92291 3.60067
1.92273  3.5399
2.67595 1.82291
4.69958 1.54985
3.07235 2.77962
2.63258 1.62817
2.46585 1.43382
1.86891 1.24289
3.68555 1.80896
0.738655  1.11966
3.43649 3.27541
0.474443  1.08243
 2.54406 0.283161
  1.32671 0.0779087
2.51007 1.81736
 1.58451 0.374403
0.856964  2.74746
 1.49141 0.907433
1.50233  1.9421
  1.14791 0.0499772
 2.56909 0.316796
-0.0514178    1.07508
2.57863 1.57853
2.53553 3.37182
2.34296  3.1199
0.550241  1.96713
1.14523 1.25995
 0.610311 -0.691872
 1.00887 0.689282
4.23241 2.91918
1.57511 2.82006
 3.0598 3.38353
1.98081 2.68058
2.50192 1.89384
 2.02547 0.117898
3.42853  2.9119
2.32518  3.2912
2.31802 1.98567
1.09137 2.67686
2.99784 1.60107
  1.22217 -0.124055
1.20903 1.18432
 3.61499 0.955916
2.77583 3.24819
2.70015  3.1173
0.969183  2.25183
2.88026 3.13027
0.884186  1.24081
2.49505 2.56957
 5.5662 2.91881
2.45708 3.38161
0.71871 1.43633
2.13266 1.87896
0.830276 0.862549
 1.49673 0.989554
2.13577 2.25128
1.82387  1.8055
2.43461  1.4466
0.418373  1.22438
1.09214 1.51737
 1.77785 0.900625
  1.9058 0.568106
3.09334 1.14524
2.88806 1.83601
2.95369  2.5577
1.75409 3.07568
2.43841 1.93229
1.56106 1.78764
2.02641 2.05208
3.78944 1.83465
1.95758 2.65215
2.87478 1.98838
0.765935  3.01167
2.77431 1.23367
2.86826 2.97791
2.32335 3.66833
1.19382 1.17762
 2.36067 0.707553
 2.66292 0.420948
 1.2005 1.54877
 3.59681 0.265195
2.05433 1.43456
 1.4255 1.12047
1.77171 1.54828
1.92367 2.20104
3.03796 3.39778
 1.25426 0.381124
3.25539 1.16517
2.64008 2.10015
 2.9071 1.84455
 3.7573 3.50964
1.57228 1.59502
2.52398 1.69466
0.700238  2.16538
 2.7202 2.02091
3.04156 2.88755
2.94622 1.51433
3.00337 1.61955
1.78027 1.41329
0.641152  1.76768
1.67645 1.28543
1.72386 2.69934
1.02924  1.8493
  4.621 1.77547
3.17012 1.34047
 2.17172 0.095148
2.23617 1.34065
2.34262 2.60724
 1.60532 0.864001
 2.00812 0.296147
2.36115 2.27526
0.831854   3.3062
 2.82519 0.859352
2.25197 2.72856
2.47846 2.47235
2.7383 2.5739
3.31738 2.30314
2.39207 3.52696
3.55455  1.4921
1.15398 2.38551
0.857003  1.72491
2.03388 1.39068
1.73865 1.67778
0.846258  1.38937
0.809109  1.63269
1.88047 4.01963
1.10682 2.16493
2.36264 1.56627
1.68868 1.70339
  2.924 2.98928
3.32823 2.38708
 2.98068 0.767315
 2.40138 0.471736
2.68598 2.31901
  1.408 1.48415
 2.8785 3.08035
0.338735  2.90748
3.32401 3.80394
0.783107  1.75136
3.47004 2.48521
2.48014   2.136
3.04537 1.75002
1.70922 3.18039
2.81087 3.89512
3.72797 1.68051
0.809442  0.71672
3.93469 1.60045
 1.8675 2.87592
 2.2611 2.69025
2.66936 2.18417
0.264017  1.68806
1.41566 2.95687
2.84964 2.04699
1.68275 0.57794
2.49749 2.89905
1.85288 1.33118
1.46995 3.52452
2.55116 2.48484
2.54944 2.36586
1.82835  1.0942
1.37188 1.59983
2.30922 2.59796
1.78439 2.98868
1.87975 2.23998
0.912175  1.29689
1.59312 3.05391
-0.298519   2.61897
1.14416 2.77474
2.56749 1.17828
4.06822 1.57871
1.74733 1.45618
1.32055 1.82662
1.38899 1.74864
1.32613 2.96797
2.01334   1.939
1.76931 3.34478
2.19192 3.76289
3.56585 3.14881
0.181406  1.06641
 2.20854 0.910958
1.91814 2.67265
1.37904 2.02199
1.63116 2.59382
3.18853 1.77236
0.247638   2.4583
1.90121 1.09136
0.73366 3.15971
 1.5175 1.67028
2.63894 4.25193
1.21595 2.90332
3.20012 2.74979
1.95689  2.5062
 2.3719 1.38279
2.57449 2.25744
3.4053 2.3678
3.42137 3.68736
3.12233 3.08984
0.17228 2.01488
3.03964  3.7433
 1.9882 1.43119
2.14017 2.04202
3.20534   3.178
2.42778 1.75195
1.57829 1.48806
2.95076 3.60376
0.378136  2.07421
4.67174 4.67667
2.30637 1.64603
0.441526  3.40265
2.05076 2.69403
0.668165  3.17407
3.64094  1.5095
4.06192 3.80768
0.70425  1.9547
1.74947 2.46162
3.01305 2.79818
1.58386  1.5089
1.97095 2.31613
0.922908  1.39967
1.75592 1.33354
2.69915 2.96438
1.57053 1.34274
2.39483 3.60944
1.90353 1.74743
3.40231 3.29129
1.66031 1.02872
2.99105 3.69438
3.24403 3.20456
  1.7529 0.508472
 1.9902 2.32085
0.899422  1.79222
 1.41082 0.898911
   1.17943 -0.0651022
0.941437 0.782862
0.134511 0.606362
2.19369 3.08783
 2.1536 3.49952
1.21713 2.68398
0.84464 3.69107
2.00986 2.16043
2.84248 2.74904
2.04722 1.20562
1.51352 1.70494
2.30356 1.33279
1.95235 2.02148
2.95986 1.33386
1.70363 2.25563
 1.77663 0.789932
2.16948 2.12322
 1.78574 0.588579
 1.32268 0.473813
1.13164 1.59215
2.56182 1.15071
2.88108  1.4909
2.68819 1.18385
2.66241 1.74346
2.96169 1.20696
 3.7518 3.46849
2.15605 2.30452
1.63697 2.15045
0.964591  2.08927
1.45558 2.36821
2.73831 2.09086
2.52033 0.64734
4.0734 2.3969
3.45568 2.46403
4.16093 2.96455
 2.08871 0.759025
2.13517 1.12667
 2.00311 0.357469
  2.41897 0.0522272
1.35466 1.21886
1.54522 1.97863
 1.10115 0.728382
0.651087  2.39317
1.36275 2.32245
2.47918 1.89502
3.21889 2.90692
 1.50513 0.794717
1.96343 2.95171
2.42811 1.43449
 1.20811 0.669541
1.78573 1.31027
1.59086 2.59654
 3.61767 0.646173
1.4142 1.5296
2.12682 1.84103
2.14277 3.33226
 2.04877 0.487234
2.95736 0.99153
0.863539  3.65824
1.2034 1.9128
3.60538 3.33251
2.47963   2.061
1.82426 2.60444
1.39152 1.14762
1.78467 4.04613
3.90505 2.28147
 4.0156 2.95901
2.56247 2.44566
1.79495 2.70955
1.76795 2.23512
2.54434 2.39462
1.39572  1.5986
-0.477619   2.04835
3.12244 2.96919
2.14078 2.29314
 0.809563 0.0225069
 2.4511 2.34277
3.94144 2.65391
2.04086 1.54967
3.05445 1.90514
2.66668 3.05659
1.69575  2.1071
1.00151 2.12264
1.79716 3.43953
4.39918 2.66971
0.979277 0.956273
3.39972 3.64856
1.32461 2.70226
  2.86816 -0.333043
3.88474 2.77426
2.87347 3.00339
1.86248 1.95615
0.944503  1.42475
1.02264 1.39497
2.15917 2.69618
2.31819 3.26139
1.49885 1.76219
2.89927 3.41986
 2.00242 0.561392
2.59984 2.44406
2.38154 1.47072
 2.2669 2.46646
1.48865 2.73021
 2.25247 0.914812
1.87131 2.87564
1.40263 1.90761
0.659009 0.340307
1.79296 3.27451
 1.03385 0.472596
1.39153 1.54639
2.23863 2.76151
 2.9905 2.08705
2.89837 3.29925
2.46936 1.85385
3.19492 2.52814
 3.08942 0.923708
1.23893 1.04093
2.19254 1.17992
 1.65061 0.925426
3.97273 3.62719
2.22441 2.53574
2.24966 3.11587
0.924971  2.70103
0.879327  3.05118
  2.0081 0.371823
2.76027 2.17327
1.62003 2.14021
1.38153 1.48619
3.02273 1.69939
 1.16489 0.227216
 3.2548 2.60706
1.49289 1.14729
1.23584 3.76014
 1.78375 -1.15076
 3.9414 1.64521
2.21225 1.12053
1.39476 1.33154
1.85463 1.21512
4.60555 2.15783
1.34403 1.83051
2.37694 1.34209
1.82884 1.29217
1.63992 2.14841
1.40952 1.38193
3.47283 1.33079
2.63418 2.87293
 1.7049 3.75966
1.55112 1.66136
 2.8805 4.00603
3.57987 4.29207
1.95519 3.32748
1.59225 2.87505
 2.2798 2.85663
1.90697 2.03446
0.0609199   1.31499
2.32599  2.6151
2.54722 2.60958
0.771423  1.32417
3.16764 1.07993
1.87916 2.39719
1.14079 2.09922
0.950305  2.28217
1.42317  2.8443
3.38942 3.52456
1.64537 3.51128
1.10164 2.12059
4.36133 2.93518
2.42182  4.1666
1.17181 2.01585
1.60764 2.46946
 2.2547 2.44146
2.39718 2.39141
1.12827 2.08872
0.640074  2.59402
  1.36227 0.0946786
2.85375 1.93898
2.86258  3.3773
1.39362 2.35185
 1.03743 0.450445
1.58733  2.5935
3.55138 3.53346
3.61127 2.40354
2.43429 3.70802
2.76542 1.78565
1.70224  1.2563
1.62983 2.53988
 2.00085 0.814585
1.64286 1.91864
0.389419  2.02976
1.56093 2.76974
3.89256 1.94918
2.26437 2.47741
2.11092 2.66681
1.85534 2.57893
 3.34205 0.566603
3.74461 2.26463
0.779381  2.11786
 2.5522 3.53457
2.87784 2.31879
0.422608  1.74638
1.63047 2.30537
0.489788 0.710222
2.36918 3.97824
2.87004 1.07923
2.27802 2.48625
1.54455 1.67968
2.12568 1.20796
2.70121 0.63669
3.66365 2.84955
 2.7077 2.31414
0.415294  2.82657
-0.416067   1.93253
3.00916 2.66511
1.83763 3.26135
3.17395 2.50753
1.18146 1.64112
1.65696 2.62467
 0.106121 -0.789059
3.55236 2.03683
2.13099 1.36655
2.64532 1.63047
4.43601 2.76808
0.408089  2.75159
