-0.591484  -1.07381
-1.27518 0.873599
-1.14548 -1.40285
-0.201438 -0.231272
0.681577 -2.28851
0.457607  1.42677
  -1.38282 -0.0120747
0.804749  1.12722
-0.777753  -1.43851
 0.798928 -0.119175
-0.786828 0.0233056
-0.285454  0.761075
-0.605893  -2.32864
-1.56177 -2.33102
 0.811357 -0.826484
  0.0304621 -0.00465326
0.284628  0.10015
0.0333683 -0.737946
-0.464351  0.800762
-0.338396  0.915582
0.0564833   0.11749
1.73572 0.83343
-0.591143  -1.09899
-1.10485  -1.2827
 0.526296 -0.260911
0.719962 -1.42497
-1.28677 0.124835
-0.171648 -0.397489
0.297906 0.249564
0.524546  0.41519
-1.20218 0.214937
 0.585976 -0.272991
-0.292752  -1.66884
 2.10831 0.396356
 1.38673 0.138293
-0.624621 -0.676106
 -0.354549 -0.0967451
-0.446191 -0.646811
-0.0557953  0.0479488
0.318295 -1.59833
 -1.02352 -0.177783
0.780928 -1.85842
-0.0208559   -1.13558
0.107341 -1.66955
-0.392305   0.73679
2.39906 0.29531
-0.637429  -1.43894
 -3.16672 -0.532705
-0.341902  -1.21824
-0.833672   1.10383
0.797891 0.992316
-0.214201  0.109682
 -2.02548 -0.347277
 1.56577 0.707211
 1.24994 -1.49203
-0.119449 -0.124275
  0.843943 -0.0981009
0.648295  1.60899
0.394255 0.771125
-0.172484  -1.10239
  1.3782 0.858664
0.222921 0.244165
-0.595551 -0.616123
1.75628 1.33004
-0.735998 -0.855684
 0.942059 -0.153644
  1.42138 -0.149697
-0.597532  0.904343
-0.59027  1.09793
0.970555  1.17453
  -1.50748 -0.0333096
-2.51004 0.810554
0.740942 0.317582
 1.10606 0.502957
-0.35516 0.304957
 0.558054 -0.865447
 -2.30614 -0.520159
-0.543221  -1.27469
 0.607898 -0.439425
 1.38384 0.622851
-0.936847  0.144502
 -2.28817 -0.686919
0.402337  -1.8933
 -2.1591 -1.38695
0.148946  -1.3323
-0.952129  -1.06414
-0.625295  0.134983
-1.33761 0.188055
-0.0824409    1.12471
-0.0277738    0.13952
 1.60167 0.855936
-0.664653  -2.19806
 -2.00036 -0.993969
0.134303 0.230286
 0.992091 -0.611205
0.0330411   1.44337
0.774015  0.54329
0.745391  0.89904
1.56486 1.50405
-1.21025 -0.71927
-0.0660619  -0.355984
-0.754949  -1.72743
-0.798528  -0.93196
 -1.7909 -1.25375
 0.330159 -0.187487
0.427346 -1.14798
-0.0958196 -0.0240221
-1.01994 0.849966
-0.730557 -0.152915
   -1.2047 -0.0503122
 0.177467 -0.674801
0.245246  1.23672
 1.19441 0.223942
-1.55699  0.11327
-0.46306 0.783511
0.366682  1.06027
 -1.60891 -0.858153
 0.890032 -0.116758
  -1.4453 0.0118491
1.02803 2.98814
 0.15805 0.445773
-0.567487   -2.0078
 2.04287 0.882713
0.322814 -1.53368
-0.101637  0.677355
-0.17384 0.625675
0.394635  1.29369
 1.48443 -0.32302
  -1.9196 -0.628334
-1.55483 0.776394
-0.177273  0.764232
-1.28585 0.547923
 0.134064 -0.926776
-0.645054   1.64299
0.0978098  -0.18703
1.35651 -1.2164
 -0.40919 -0.217446
-0.711819 -0.881533
0.674692  1.83256
-0.736851  0.155572
  1.65507 -0.460348
-0.401841  0.774345
0.615186  1.34891
0.845275 -1.02674
-0.327365  -1.33882
0.420373 0.962777
0.0148803  -2.42141
-0.136842 -0.359666
  2.31919 -0.288429
-2.06909 -2.06809
  1.02614 -0.729863
-0.101706 -0.329742
   1.234 0.623412
 0.301655 -0.146429
-0.569735  -1.26115
-1.96467 0.431503
-0.0741484  -0.496933
1.02489 1.26781
 1.14513 -0.53724
-0.26375  1.26325
-0.884268  0.392311
-0.476688  -2.47282
-0.632254  0.285536
 -1.74115 -0.328586
0.166695 0.327341
0.932651 -1.18497
  1.09667 -0.355039
  -1.1399 0.0821748
 -0.49362 -0.829975
-1.03141 0.506455
-0.236057 -0.411964
   1.0413 -0.923074
0.743457 0.035392
 0.559627 0.0033217
 0.230069 -0.141676
-0.433145   -1.0822
 1.01928 -0.70415
  1.6462 0.557977
 -1.46823 -0.180229
0.729461 0.961952
 0.747232 -0.180031
 -1.06009 -0.232066
 0.682455 -0.484489
-0.0382412   0.735024
-0.601267 -0.654584
-0.399986  0.622971
1.86385 2.00706
-1.23173  1.70796
-0.622837 -0.571131
0.0859614  0.798561
 0.775565 -0.469747
0.625999 0.425442
 0.155993 -0.149872
 -0.83308 -0.185688
-0.0717769    -1.2709
 0.937058 0.0357634
-0.732648  0.512889
0.275667  2.55081
-2.29299 0.932861
-0.277465 -0.896494
 1.53621 -0.85423
0.636504 -0.26483
0.0152532  0.250725
-0.361198 -0.659594
-1.25769 0.883501
0.712105 0.358806
0.201523  1.44576
-0.703184  -2.13983
 1.43786 0.473605
-1.36203 0.246459
-0.820067 0.0805073
-1.65797 -2.25527
-0.224262  0.703854
-0.277814 -0.238122
1.47288 2.01184
0.257048 0.292357
-0.382897   1.37586
-1.30602 -1.67087
-0.90163 -2.06777
-0.92196 0.288103
  1.57791 -0.553836
-0.387677 -0.244837
 -1.31468 -0.862577
0.729114  1.68504
 2.11937 -0.37617
-0.846627  0.554248
 1.13841 0.294819
0.283678 0.688599
 -0.4634 0.859964
-1.08247 -1.91779
-0.0827461   0.724133
 2.17616 0.827611
-0.227034   1.19321
-0.258625 -0.597014
-0.00900404    0.457096
-0.416255  0.802465
-0.178932   1.58394
1.46407 0.44863
0.983508 0.161016
-0.208356    1.0297
 0.564721 -0.110206
 0.24165 0.171686
0.997178 0.231915
-0.120355  0.357988
1.08531 1.10856
  1.1978 0.541505
 -0.481188 -0.0905187
0.431312  2.38221
-0.22635 -2.10348
  1.08817 -0.420096
-0.431687   1.26944
-0.862996 -0.412199
2.86428 1.15785
-0.662107  -2.55498
0.353713  1.07934
 0.88054 0.473755
-0.184503  0.281467
  -0.97857 -0.0383312
 1.73276 0.329345
-0.565445   -0.2162
-0.0035466    1.28105
-0.410303 -0.179129
 0.471181 -0.248727
  1.49849 0.0237625
 0.729956 -0.818945
1.59624 0.96773
-0.238908  -1.23811
-0.0244502  -0.351119
0.0116365 -0.145803
0.415635  0.33435
-0.509694  0.672671
-0.182405 -0.192121
 0.783687 -0.914834
 -1.62208 -0.137745
-1.50591 0.745168
0.631121 0.350353
  -2.79583 -0.0870026
0.302152 0.525724
-0.750871  0.888802
0.715289 0.598791
 -1.20903 -0.438542
 1.53659 0.411388
 0.580608 0.0670263
  1.1443 -2.19046
-0.776608  -1.06456
  -1.12417 -0.0136908
-0.669044 -0.812258
 2.06169 0.886926
1.52193 1.72948
0.539141 0.197992
1.23878 1.01537
  1.07772 -0.492807
-0.772626 -0.554089
 0.29541 0.658698
0.0819822   1.80426
 0.906727 -0.221698
 0.439539 -0.898705
 0.401215 -0.078288
 1.54408 0.182119
 0.785719 0.0893235
-0.321661  -1.12525
-0.0781431   -1.89228
 1.8959 0.79399
-0.2403 1.18744
-0.393113  0.748689
    1.5309 -0.0551622
0.124119  1.29956
-0.845578 -0.914158
-0.436577 -0.504354
 -1.80324 -0.729199
 1.16389 0.026452
-0.612487  0.298871
-0.243241  -1.62759
0.524209  1.43782
  1.07184 -0.281063
1.55144 2.58023
 -1.81703 -0.465213
0.819881 0.927992
-0.866849   0.81832
 2.04182 0.574055
-0.0129906  -0.152602
0.789122  1.18058
-0.762761  -1.36833
-0.765405 -0.473792
-0.0751142   0.337937
-1.61829 -0.23571
0.438429  1.25158
-0.938015   1.52318
1.82887 -1.4723
-0.453986 -0.761576
-0.936485  0.291729
3.52058 1.43853
   1.6639 -0.964147
-0.621214   1.15404
0.76565 1.90758
-0.402713  0.234873
-0.563079  0.442986
 2.88661 0.687783
 -0.13001 -0.710092
-0.131354  -1.04393
0.0685284 -0.217024
-2.19402 -2.38576
  -1.45366 -0.0700899
 2.10949 0.188973
0.0222767  0.245821
 1.6952 1.56374
0.670937  -0.2292
 0.302403 -0.229846
2.31168  1.6987
-0.547636 -0.621146
0.148513  2.31519
-0.309457 -0.735246
-1.84031 -1.50176
-0.441728  -1.02742
 -1.82411 -0.250591
-0.254023 -0.828395
-0.53666 -1.00732
 1.26876 0.600666
-2.47515  2.11677
   1.0163 -0.582743
-1.34696 -1.40758
   0.543651 -0.00286714
-0.851268 0.0355032
-0.832769  -1.43795
 -1.05093 -0.785356
 2.14495 0.494641
-0.910994 -0.956826
-0.202961 -0.016007
-3.38703 -1.40161
1.41865 1.04052
0.948052 -0.86619
-0.788201   2.40698
-1.48686 -1.83467
  1.35646 0.0616371
  1.48005 -0.264986
-0.243273  0.401223
1.04205 1.30156
-0.852854  -1.10907
-0.544119 -0.506444
0.564573 0.511287
-0.60703 -2.06373
  0.47137 -0.194892
 0.937096 -0.336465
 -1.2596 0.110017
 0.875971 0.0704828
-0.458132   1.73866
-0.654331  -1.49527
-0.288698 -0.481005
0.748993 0.988181
-0.563058 -0.484395
0.105666 0.913749
 -0.56179 -0.213866
0.178881 0.567649
  0.30039 -0.526037
  2.25582 -0.624197
-0.284378   1.83388
-0.391375  0.797953
-0.635416 -0.466708
 -2.28225 -0.783041
-0.12209  1.59488
0.00389566    1.23589
0.342571 -1.09352
-0.00944459   -0.841231
0.774019  1.98305
 1.20718 0.149803
-0.416736 -0.961771
-1.92533 -1.17574
-0.390406  0.263397
0.687878 -2.36319
-1.47923 -1.88298
-0.823799   1.74932
-0.520062  0.404093
-0.454731  0.727215
 0.199366 -0.566055
0.779534  0.42901
0.653512 -1.40455
 -1.54491 -0.920528
-0.566815  0.836359
-1.13631 -1.21497
 0.622508 -0.269697
-0.399734  -1.03881
1.50027 1.70181
0.0265902   2.32441
0.386539  1.13431
-0.0218382  -0.524251
  1.60198 -0.906874
-0.577595  -1.43744
 0.908595 -0.298577
 0.0600511 -0.0567618
 0.346146 -0.725217
-2.23268 0.292203
 1.08547 -1.51163
-0.526079  -1.57188
-0.86831 -0.24107
-0.732348  -2.00137
   1.16349 -0.0548283
0.589323  1.22679
  0.546932 -0.0690355
   1.06494 -0.0116064
 1.81293 -1.06632
-0.147948   0.31412
 -1.4334 0.129492
-1.67291 0.859065
-0.230172  -1.52592
-0.434178 -0.969961
 1.19363 0.155888
 -1.19305 -0.624099
0.650429  1.89772
0.436362  1.35355
-1.02046 -2.54057
-0.551384 -0.162311
0.646521 -1.62245
1.27027  1.6803
 1.37268 0.585504
  -1.0937 -0.263941
-0.616006  0.877869
0.298543 -1.44721
-0.056217  0.864283
-0.0697775  -0.703752
-0.194526 -0.536597
-0.456157   1.10453
-0.599374 -0.692186
0.0581313 -0.670848
 -1.60806 -0.276694
  1.78822 -0.348866
-0.88841 0.932344
-0.529144  0.421424
 0.320029 -0.819111
0.393863 0.716903
  1.55719 -0.621105
0.614863  -1.5665
 0.719738 -0.751871
-0.903512 -0.537334
0.759188 0.982513
 1.19025 0.114658
   -0.583603 -0.000356979
-0.0259961  -0.234819
-0.478143     1.404
  2.06574 -0.995189
-0.792068  -0.24281
 0.417761 -0.930973
-1.61556 -0.19328
0.381862 -1.18697
 -0.70017 -0.753579
 -1.20619 -0.115276
0.196606 0.874765
0.892387  0.23712
1.17827 1.81203
-0.559927  0.246283
 -1.0117 0.200371
-0.476324 -0.962719
-0.0776916  -0.734367
0.674943 0.592038
0.105756 -0.32499
0.0901001  0.571477
   0.4467 -0.994179
-0.31355 0.333376
-0.682257 -0.164505
-2.01622 -1.65494
-0.215581   1.77821
